cruz@cruz:~/Documentos/practica4$ ./Matrices


Matriz1:
2 4 5 7 9 3 1 
2 8 5 5 0 8 3 
9 8 8 1 8 4 4 
5 4 0 2 6 9 6 
5 7 4 9 3 2 7 
2 5 8 6 5 3 3 
8 2 8 9 2 6 0 
+-+-+-+-+-+-+-


Matriz2:
10 15 14 16 19 13 14 
20 15 20 13 14 18 20 
12 13 19 12 14 19 11 
19 19 18 17 20 12 20 
20 14 20 18 17 12 14 
15 15 18 12 18 17 13 
10 15 10 10 16 19 12 
+-+-+-+-+-+-+-


Suma:
2 4 5 7 9 3 1 
2 8 5 5 0 8 3 
9 8 8 1 8 4 4 
5 4 0 2 6 9 6 
5 7 4 9 3 2 7 
2 5 8 6 5 3 3 
8 2 8 9 2 6 0 
+-+-+-+-+-+-+-


Resta:
10 15 14 16 19 13 14 
20 15 20 13 14 18 20 
12 13 19 12 14 19 11 
19 19 18 17 20 12 20 
20 14 20 18 17 12 14 
15 15 18 12 18 17 13 
10 15 10 10 16 19 12 
+-+-+-+-+-+-+-


Multiplicacion
2 4 5 7 9 3 1 
2 8 5 5 0 8 3 
9 8 8 1 8 4 4 
5 4 0 2 6 9 6 
5 7 4 9 3 2 7 
2 5 8 6 5 3 3 
8 2 8 9 2 6 0 
+-+-+-+-+-+-+-


Transpuesta de Matriz1:
2 4 5 7 9 3 1 
2 8 5 5 0 8 3 
9 8 8 1 8 4 4 
5 4 0 2 6 9 6 
5 7 4 9 3 2 7 
2 5 8 6 5 3 3 
8 2 8 9 2 6 0 
+-+-+-+-+-+-+-


Transpuesta de Matriz2:
10 15 14 16 19 13 14 
20 15 20 13 14 18 20 
12 13 19 12 14 19 11 
19 19 18 17 20 12 20 
20 14 20 18 17 12 14 
15 15 18 12 18 17 13 
10 15 10 10 16 19 12 
+-+-+-+-+-+-+-

Tiempo de ejecucion:0.00112 segundos
Tiempo de ejecucion:1.12 milisegundos
cruz@cruz:~/Documentos/practica4$ 
